

best=[48.9198632198236	1.92073128050701	218.459915097536
55.5452695203639	5.70357678930525	171.279763850417
42.5560986341138	3.96068323969341	158.840311764685
46.2411460632418	17.6354918492719	219.050547303519
44.3908501830351	6.71148507613577	208.976200258480
55.7264896173860	-0.967344786675845	102.170028385435
40.5097395941016	15.9683132143810	174.758704371306
33.4838969669869	26.3780349032330	89.1219980658206
27.7427365139332	27.2224001660867	52.5429781117122
27.3910504717560	30.5062131893818	54.2426027549990
39.2520942907464	25.0287046316712	37.5205488639740
45.9535776254750	21.0537938553004	150.063485575099
39.0723652384419	39.4822256849837	74.1890454875521
34.3047007777098	25.9449857881274	34.5368378679756
33.8463205165434	31.3681888263995	115.946955393704
27.5388118011884	13.6201679626838	83.1256866835015
42.4699402132728	21.9818644072510	172.991992030877
40.7845386297368	15.8246597787266	147.878981427677
39.3976619795218	-5.28216005761840	115.767400416151
45.8261832399128	12.4849059925137	198.620278809112
46.4680415186489	-11.3851775722213	133.775829293164
59.8416963493561	-4.43494901614340	54.8446495278869
38.7411970516164	-4.00129708361887	146.684391747222
45.3456766350553	-1.43674976570134	143.408939944681
38.1498227626611	2.82064377836253	98.1498368851551
35.6499679012869	21.4347663166999	176.254652731949
40.0384251325493	25.9608625184758	86.7126703480597
40.8017692998628	13.3001251305720	119.742717533410
42.7528819588780	13.9645965570499	86.9173076369309
48.8277964078502	41.5094273577184	77.6098234423730
43.3821484000817	37.3179172556105	139.918677483311
50.1423368138613	30.6547839149907	77.2498785398058
41.4847680855602	39.3429868659858	107.936056804260
38.7199222659626	37.1748916754668	95.1892181485112
40.2502026445545	28.5824653096081	191.085494473031
31.4811194747840	27.4543702565565	213.289760487338
47.5883873447635	30.3040430220293	127.631775999669
51.0896256894571	21.5554175805546	213.349446257586
43.1311096687616	22.2540914981346	170.804201132572
41.5645767455424	29.7615166926513	47.6649532219217
41.2923961503126	18.1488672935789	203.084598359831
45.8468468581653	16.0941056916679	71.5323943231138
40.5378076556052	19.1899078831058	201.315335345864
39.3819429222680	10.6784978680638	42.1875246245595
41.9167549377890	15.5654236343308	195.995366749620
44.0673847361115	20.7837128314211	111.479386290497
45.6627067632666	21.9972745396421	85.2222453816662
29.3593083372411	21.8914141233468	168.256540500764
51.9032941195162	20.0934403394019	112.346602278017
49.3188237600808	28.3059458673794	112.132923515832
45.1053346832112	13.2615791892820	90.1328236413737
49.5160425523241	9.10823402264603	194.028441321074
42.4112850895017	25.3658837641967	216.410931231360
32.5745338574006	37.6149562749312	176.601692890248
37.0644323113187	37.1775149943325	76.3710367515516
31.8183528446155	27.1553369426264	62.6976938226157
29.3730321253819	31.1259534479794	206.350572615427
31.5427538029247	30.0438771449674	102.963912085604
35.5951006893376	30.7803746473714	31.6414481891215
23.2065124478320	28.2294668043209	70.0953704788670
27.2133256706909	17.5195678920817	80.8424410853405
25.5271898229709	25.1782622284811	118.573039117764
27.7174652188019	24.4374832702070	31.3868879951539
31.7094106547304	18.7021607001123	102.439963100310
41.1047402035777	20.4155003600330	182.393185333045
55.7978856985960	4.51346692835194	193.916714607413
45.8637591920342	23.5575252482609	124.545415890970
33.0347307540888	33.0899267667866	159.965631174857
57.5129763165599	7.75675435249298	118.907468496330
45.7525057138967	10.9454383607662	122.970013160095
45.3563078505098	4.08103379514523	79.8567699021111
47.7591140951328	9.52887205469191	215.451886105669
49.8341906239606	7.53810644566997	97.8219132292946
52.7364344324493	-2.59146521641363	193.057421063706
55.6409961356267	15.9157614833601	202.362680654390
54.7617545771140	17.6822903048331	97.0047928658780
49.6655597427857	9.48908174062332	192.335469904129
44.4447334129912	4.50124187836100	113.715916561551
53.6583295089539	-3.96593257920665	62.6331547953790
36.3400531060608	2.54195147181731	65.8557571745812
48.2311661094151	-7.97216512638132	130.569947795682
30.0190971470292	12.9503002758866	139.657584998196
35.2375890850100	12.0238740139938	94.9935045831853
51.7368718255959	19.4906430011613	180.085278310652
52.4126052125577	18.2708720064711	102.105967334121
47.2825911826642	18.6019544020954	134.990349273227
36.3733735532095	11.1195954186840	157.714287359916
38.9176323631094	-10.7391194462091	217.766711845776
34.5345254708764	11.4413392607279	176.808725074433
44.8668440247337	14.8116562688423	108.577458951120
53.1868669764258	16.8235282522300	158.459988565988
39.7705361564302	25.3229447600005	45.5061964545736
44.2234436902818	11.7161973115623	111.461801306698
45.3817502196386	18.8457011260464	136.927630562761
25.3502582911604	13.4398825799082	59.3362791621897
30.8000212516502	12.9428729871961	204.367630825867
38.1046739996382	-10.0202189800430	154.751960488811
50.9802522960376	8.41457898438014	204.941767481535
27.4556668639354	20.4913049422062	161.558084827540
22.7619166675750	13.3862970558118	103.188242788502
50.8429086972605	8.12535072798062	52.8774707058413
27.8123030488921	5.71550823123191	49.4925432810316
37.1342623048491	15.9824148315111	80.8437254965265
37.9144281291129	8.48839049284227	137.925216545971
30.5777831043522	5.07894772570024	184.752260359815
39.0428629689122	5.55131493006223	176.420167258693
41.9650073837194	2.07793221902865	45.2049913094389
34.1332969696442	13.2168687217687	206.505221062129
36.1948050709606	8.86100126573670	122.792601455127
62.0838461552963	3.77026712893625	167.898034456813
51.2828347294201	5.61719427417507	103.085246384990
42.1957834943133	1.75319963904322	177.641175404780
43.2912144035968	1.74122739361322	70.1145077371440
41.2255312604701	0.312047824307727	106.268059597164
36.5975637778446	1.99766638921787	165.808477797825
49.2333172182814	12.2727462314546	77.6659851630576
45.5133272778169	0.487383552504543	102.343333142462
47.7459780191511	4.01032556641930	129.961195175485
41.6698241458695	5.18267296608506	102.375586860890
41.3112451271492	9.69320087794334	85.7038382670774
39.6918469230835	4.04206511104674	184.572437281113
44.0411493748178	8.39686531331339	80.8422733820367
43.6523136896216	9.65740319405369	70.6317805346636
55.3281615352077	13.3728121630129	141.163693672719
41.9866198226033	20.2510785520603	190.495267313091
48.0256376441216	15.8015399699681	206.822137621606
41.3247029572792	1.61021253091513	61.3365021490297
29.0957630976878	16.0879644643147	45.0356241913142
29.0214520647454	14.1855517046857	116.720258869363
36.7942629829733	15.6767601937493	95.7626557244145
52.8299192851443	15.4029160423545	79.3996743219234
29.1546853097651	22.5022598574965	113.682281655119
52.4838615914039	15.5034780743063	169.981337825132
36.9083648379046	24.4670830107768	218.049470424793
35.2879934338782	16.9062704078956	167.390603102223
35.8204273108743	12.6314153093391	39.6438777075716
37.7676632766581	20.6635872512067	46.5178318104081
42.0090770703385	14.1647163475298	174.243749196945
47.3119741066898	11.5069193188835	202.209322877100
51.6852848556633	14.1989087923305	213.475581902049
52.5466656634953	6.25545671744858	120.877229244962
47.7815161239195	9.11202452246889	145.380339936846
47.4043942285247	12.2966980747325	113.554379488623
44.1710557381215	10.3165916472362	87.0972215039894
42.0710592619840	26.9483129060226	130.243424403211
42.1158544472049	13.4927518952540	113.236615756729
45.2393674793383	17.2750498357199	216.742218781599
41.8740533661317	10.8785048711991	56.5194806872988
44.7875296477439	16.5754358926979	158.242623741828
37.3307568478994	15.5320482898703	165.984594584760
42.1083993370573	1.57967706289414	180.761133593465
40.8904860146454	17.0289342609565	113.396133104521
39.3239005869915	17.6154276575690	185.538141112685
